1
4
5
6
7
10
17
24
29
32
35
37
38
39
40
42
44
46
48
49
50
51
53
55
56
58
62
65
68
72
73
82
83
90
92
93
94
96
99
100
102
103
106
110
112
120
121
122
124
125
126
127
132
138
139
143
146
148
149
150
153
156
157
158
159
160
166
168
171
175
177
182
183
186
187
190
191
192
193
194
196
197
198
199
200
203
204
205
206
207
213
215
216
217
218
219
221
225
227
228
239
240
244
249
251
255
256
260
264
265
266
269
271
273
274
275
276
278
280
283
289
293
294
300
301
302
303
307
308
311
314
317
318
323
324
333
342
344
345
346
348
350
355
357
358
362
366
367
368
371
373
375
377
379
380
384
385
387
388
391
394
395
397
398
402
407
408
411
415
417
420
421
424
428
432
433
434
436
437
439
440
441
442
444
446
450
451
452
453
454
455
456
457
458
459
463
466
470
471
472
479
480
481
482
487
488
493
498
500
502
503
507
508
510
511
513
516
517
521
526
527
528
530
531
534
537
541
543
544
545
549
551
555
557
558
561
565
567
568
570
571
572
573
575
576
577
581
582
583
587
592
595
596
597
599
600
601
603
605
606
610
611
612
613
614
615
616
618
627
628
629
632
636
637
638
643
645
647
651
653
656
662
663
664
666
667
668
672
673
676
677
679
683
685
690
692
695
698
707
708
710
714
717
724
725
726
727
736
737
739
743
748
751
754
756
761
762
763
764
765
766
773
774
781
783
784
788
790
793
798
800
804
805
806
810
812
814
816
818
820
823
824
832
833
838
842
846
848
851
855
857
858
860
864
865
868
871
874
878
883
886
888
889
891
892
895
899
900
908
910
912
913
918
923
926
927
937
939
942
945
953
954
955
960
962
965
968
970
974
979
983
984
990
991
992
995
997
1001
1011
1016
1017
1021
1027
1028
1029
1030
1032
1037
1040
1043
1045
1048
1049
1052
1061
1062
1064
1066
1067
1068
1072
1074
1077
1078
1080
1082
1084
1085
1086
1091
1092
1099
1104
1109
1112
1113
1116
1118
1119
1120
1121
1122
1124
1126
1127
1129
1131
1134
1135
1136
1138
1140
1142
1143
1144
1146
1147
1154
1158
1159
1160
1161
1162
1166
1168
1173
1175
1176
1178
1180
1181
1182
1183
1184
1187
1189
1192
1194
1199
1200
1201
1204
1206
1207
1211
1218
1219
1229
1231
1234
1236
1237
1239
1240
1241
1242
1243
1245
1246
1248
1249
1254
1255
1256
1263
1264
1265
1266
1273
1274
1276
1277
1278
1279
1282
1286
1287
1291
1292
1294
1296
1297
1299
1300
1306
1309
1313
1316
1317
1318
1319
1326
1330
1333
1334
1341
1342
1344
1347
1350
1351
1352
1353
1355
1356
1357
1365
1366
1368
1371
1376
1377
1382
1386
1387
1388
1390
1393
1394
1395
1399
1400
1405
1406
1414
1415
1421
1425
1431
1437
1438
1448
1449
1452
1454
1458
1459
1462
1463
1464
1474
1475
1479
1481
1485
1491
1492
1494
1495
1499
1504
1506
1509
1512
1514
1515
1518
1522
1525
1529
1530
1534
1536
1539
1541
1546
1549
1550
1556
1557
1558
1561
1563
1568
1569
1570
1575
1577
1581
1586
1588
1589
1590
1598
1599
1601
1604
1605
1607
1609
1616
1617
1622
1623
1628
1630
1632
1633
1640
1644
1645
1647
1648
1657
1658
1662
1663
1664
1666
1669
1670
1673
1676
1677
1680
1682
1685
1687
1689
1694
1697
1700
1709
1711
1712
1714
1715
1717
1721
1724
1725
1731
1734
1735
1736
1741
1742
1743
1748
1749
1751
1753
1754
1756
1757
1762
1763
1765
1776
1777
1778
1780
1781
1784
1789
1791
1793
1794
1795
1796
1797
1802
1803
1804
1806
1809
1817
1819
1823
1824
1825
1828
1829
1830
1831
1832
1834
1837
1840
1843
1845
1848
1855
1859
1864
1865
1866
1868
1871
1875
1886
1887
1892
1895
1896
1897
1899
1904
1905
1906
1910
1911
1913
1916
1922
1928
1930
1932
1934
1942
1943
1944
1954
1956
1958
1959
1960
1962
1965
1969
1978
1979
1983
1985
1990
1991
1992
1994
1996
1997
1998
2001
2004
2005
2007
2008
2012
2013
2016
2020
2022
2023
2024
2028
2033
2035
2038
2039
2040
2041
2046
2048
2051
2053
2056
2057
2062
2066
2073
2074
2079
2081
2082
2083
2090
2095
2097
2100
2104
2110
2116
2118
2119
2120
2122
2126
2127
2129
2131
2132
2135
2140
2142
2143
2152
2155
2157
2159
2161
2162
2165
2169
2170
2172
2174
2177
2181
2189
2191
2199
2200
2201
2202
2205
2211
2221
2228
2230
2233
2235
2237
2240
2241
2245
2246
2250
2251
2252
2253
2254
2255
2257
2260
2264
2265
2269
2270
2273
2274
2276
2283
2287
2292
2293
2300
2304
2305
2312
2317
2319
2333
2344
2347
2350
2355
2357
2359
2360
2364
2366
2371
2373
2375
2378
2382
2383
2388
2389
2391
2394
2397
2402
2403
2404
2405
2407
2409
2412
2414
2421
2425
2426
2427
2428
2429
2446
2447
2451
2452
2453
2455
2457
2459
2462
2463
2464
2467
2469
2471
2472
2481
2483
2486
2487
2491
2494
2504
2505
2507
2514
2518
2521
2528
2530
2536
2538
2539
2541
2544
2546
2547
2548
2551
2556
2563
2573
2576
2577
2578
2581
2582
2585
2586
2595
2597
2598
2600
2603
2605
2606
2607
2616
2617
2622
2623
2625
2627
2628
2629
2630
2631
2637
2638
2642
2646
2647
2649
2663
2664
2665
2666
2670
2671
2672
2674
2676
2680
2681
2683
2685
2687
2691
2692
2694
2696
2697
2701
2705
2709
2711
2712
2714
2720
2721
2722
2724
2726
2728
2729
2731
2732
2733
2735
2738
2748
2749
2750
2751
2756
2757
2758
2760
2761
2764
2765
2769
2770
2771
2773
2775
2778
2781
2792
2794
2795
2798
2799
2800
2804
2805
2807
2811
2813
2815
2817
2818
2821
2822
2824
2825
2829
2833
2834
2835
2836
2838
2839
2841
2846
2850
2855
2856
2857
2859
2860
2862
2864
2866
2873
2874
2877
2881
2886
2896
2899
2905
2906
2910
2915
2919
2927
2930
2934
2935
2937
2939
2940
2941
2942
2943
2944
2945
2946
2948
2954
2956
2961
2962
2965
2971
2973
2977
2978
2979
2981
2983
2988
2989
2991
2992
2993
2995
2998
3001
3010
3014
3022
3023
3024
3028
3032
3033
3035
3036
3039
3041
3042
3043
3044
3048
3049
3054
3055
3056
3058
3059
3065
3070
3072
3075
3078
3079
3080
3081
3082
3083
3086
3090
3092
3093
3099
3100
3105
3108
3109
3111
3112
3113
3114
3116
3120
3122
3126
3129
3131
3132
3133
3138
3139
3142
3143
3146
3148
3149
3150
3151
3155
3158
3159
3160
3162
3163
3164
3170
3173
3175
3176
3182
3185
3186
3188
3192
3193
3199
3200
3205
3206
3209
3212
3213
3214
3215
3216
3217
3219
3221
3228
3229
3230
3235
3236
3237
3238
3241
3243
3244
3245
3246
3248
3255
3256
3259
3263
3264
3266
3267
3268
3271
3272
3273
3278
3281
3282
