9000296
9001104
9001400
9001695
9001897
9002316
9002411
9002430
9002663
9002817
9003126
9003175
9003316
9003430
9003658
9003815
9003895
9004175
9004315
9004462
9004669
9005075
9005321
9005413
9005905
9005942
9006140
9006407
9006723
9007422
9007904
9008322
9008561
9008820
9008884
9009067
9009716
9009927
9009957
9010060
9010308
9010370
9010952
9011053
9011115
9011420
9011641
9011661
9011949
9012435
9012867
9013634
9013798
9013941
9014209
9014797
9015363
9015402
9015718
9015798
9016179
9016403
9016886
9017419
9017876
9017909
9018291
9018389
9018489
9019406
9019907
9020404
9020714
9020856
9020999
9021195
9021428
9022197
9022289
9022408
9022703
9022789
9023348
9023407
9023617
9023784
9023935
9024409
9024900
9024940
9025191
9025257
9025933
9026416
9026695
9026934
9027189
9027281
9027422
9027938
9028418
9028429
9028904
9029095
9029415
9029791
9030296
9030418
9030925
9031141
9031426
9031930
9031961
9033275
9033937
9034223
9034451
9034644
9034677
9034812
9034963
9034991
9035317
9035449
9035647
9035779
9036287
9036770
9036771
9036948
9037223
9037494
9037697
9037952
9038683
9038876
9038962
9039627
9039744
9039972
9040456
9040944
9040958
9041458
9042003
9042396
9042459
9042892
9043005
9043446
9043461
9043637
9043894
9043945
9044508
9044788
9044902
9044950
9046012
9046206
9047015
9047539
9048308
9048979
9049007
9049185
9049729
9049895
9049999
9050299
9050966
9051696
9051960
9052207
9052335
9052708
9052978
9053679
9053872
9053954
9054370
9055038
9055361
9055429
9055967
9056326
9056978
9057000
9057192
9057265
9057327
9057417
9057479
9057976
9058469
9058692
9058960
9059339
9059391
9059837
9059946
9061162
9061666
9061805
9061827
9061936
9062483
9062688
9062942
9062962
9063428
9063823
9063928
9063934
9063955
9064464
9064631
9065433
9065820
9065926
9066425
9066677
9066770
9066820
9067323
9067811
9067913
9068197
9068742
9068894
9069393
9069736
9069761
9070290
9070442
9070787
9070923
9071645
9071924
9072281
9072461
9072646
9072758
9073948
9074163
9074232
9074878
9075418
9075745
9075880
9075900
9076879
9076900
9077395
9078889
9079361
9079404
9080864
9081799
9081858
9081879
9082137
9082631
9082640
9082901
9083113
9083378
9083500
9084244
9084391
9084611
9085393
9085790
9085892
9086407
9086868
9087632
9088142
9088175
9088396
9088617
9088841
9089119
9089627
9089866
9090290
9090740
9090833
9090860
9091623
9091787
9092247
9092643
9093126
9093622
9094783
9094841
9095103
9095389
9095865
9096402
9096724
9096851
9096856
9096881
9097360
9097409
9098409
9098882
9098924
9099363
9099440
9099785
9099961
9100442
9100699
9101076
9101270
9101951
9102258
9102440
9102958
9103642
9103811
9103968
9104043
9104620
9105279
9106510
9106688
9106713
9106808
9106974
9107048
9107524
9108461
9108688
9108945
9109950
9110292
9111399
9112020
9112400
9112495
9112976
9113018
9113192
9113414
9113501
9113674
9113782
9114036
9114285
9114544
9115033
9115289
9115525
9115742
9115859
9116147
9116298
9116534
9116754
9117066
9117304
9117951
9118061
9118211
9118523
9118689
9118799
9119057
9119527
9119805
9119806
9119950
9120059
9120358
9120519
9120941
9121030
9122517
9123289
9124024
9124421
9125488
9126014
9126497
9126532
9127484
9127495
9128270
9128499
9128923
9129011
9129270
9129522
9130641
9131266
9131850
9131911
9131969
9132472
9132486
9132990
9133243
9133451
9133464
9133694
9135838
9136240
9136484
9137248
9137393
9137556
9137709
9137840
9138245
9138467
9138554
9139557
9140040
9140556
9140640
9141244
9142030
9142466
9142551
9142896
9143014
9143031
9143547
9143628
9144057
9144314
9144384
9144547
9144760
9144896
9146545
9146709
9146898
9147692
9148300
9148338
9149367
9149679
9150196
9150288
9150439
9150875
9150876
9151007
9152196
9152442
9152525
9152688
9153013
9153255
9153509
9153696
9153792
9154214
9154257
9154516
9154793
9155861
9155943
9156214
9156307
9156309
9156448
9156526
9156943
9157251
9157304
9157453
9158313
9159027
9159401
9159540
9159804
9159961
9160270
9160401
9161012
9161024
9161267
9162394
9162458
9162498
9162770
9162906
9164467
9165552
9165970
9166468
9166930
9167018
9167275
9167460
9167502
9167541
9167589
9168012
9168023
9168534
9168709
9168944
9169022
9169092
9169499
9170011
9170228
9170503
9170536
9170920
9171097
9171457
9171714
9171766
9172013
9172581
9173434
9173462
9173587
9173792
9173950
9174582
9175204
9175275
9175571
9176200
9176441
9176485
9176571
9176893
9176924
9176992
9177091
9177571
9178212
9178448
9178581
9178780
9178840
9178886
9178936
9179001
9179589
9179943
9180105
9180492
9180558
9180940
9181583
9182051
9182305
9182838
9183590
9184108
9184192
9184495
9184556
9184790
9184949
9185786
9186589
9187064
9187595
9188012
9188312
9188345
9189303
9189553
9189823
9189986
9191054
9191168
9191465
9191533
9191788
9192363
9192585
9193363
9193589
9195031
9195569
9196063
9197064
9197274
9197466
9197546
9197994
9198531
9198552
9199024
9199070
9200014
9200051
9200057
9200078
9200957
9201011
9201052
9202047
9203057
9203454
9203516
9203957
9204076
9204538
9205285
9206450
9206535
9206908
9207016
9207458
9207798
9207905
9208050
9208283
9208539
9209042
9209533
9209792
9209896
9210045
9210230
9211009
9211049
9211054
9211261
9211751
9211800
9212052
9212386
9212451
9213372
9213438
9213753
9214547
9215420
9215922
9216735
9217260
9217428
9217512
9217911
9217997
9218438
9218596
9218993
9219000
9219500
9219596
9220406
9220441
9220603
9220921
9221985
9222068
9222973
9223285
9223303
9223576
9223789
9224012
9224061
9224539
9224590
9224983
9225063
9225581
9225792
9225984
9226021
9226100
9226514
9226752
9227067
9227993
9228295
9228758
9229496
9229585
9230073
9230284
9230504
9231784
9231843
9232259
9232553
9233263
9233578
9234485
9234555
9234667
9235448
9235549
9235666
9236027
9236300
9236557
9237029
9237473
9237974
9238970
9239515
9240045
9240515
9240925
9240957
9241014
9241153
9241424
9241546
9241780
9242017
9242653
9242925
9242956
9243198
9244001
9244405
9244516
9244537
9244698
9245233
9245448
9245519
9245539
9245917
9246415
9246518
9246538
9247270
9248710
9249025
9249760
9249780
9250222
9250401
9250574
9250682
9250756
9250986
9251077
9251127
9251736
9252130
9252427
9252576
9252889
9253225
9253390
9253884
9254920
9255053
9255353
9255429
9255535
9255715
9255848
9255884
9256532
9257048
9257385
9258051
9258219
9258526
9258662
9258864
9259394
9259523
9259866
9260036
9260515
9261372
9261557
9262149
9263025
9263153
9263546
9263652
9263959
9264649
9264781
9265023
9265274
9265514
9265704
9266027
9266394
9266652
9266787
9267027
9267366
9267508
9268233
9268509
9268724
9269056
9269383
9269435
9269510
9269655
9269942
9270026
9270077
9270239
9270566
9271023
9271853
9272118
9272133
9272194
9272198
9272393
9272833
9273128
9273206
9273764
9274132
9274208
9274245
9274364
9274833
9275159
9276146
9276150
9276849
9278158
9278404
9279169
9279874
9280043
9280181
9280204
9280243
9281025
9281052
9281202
9282022
9282182
9282203
9282240
9282257
9282480
9282772
9282888
9283061
9283264
9283486
9284505
9284795
9285049
9285207
9287219
9287241
9287295
9287511
9288217
9288911
9289020
9289520
9289800
9289921
9290079
9290346
9290752
9290819
9291206
9291210
9291338
9291817
9292027
9292081
9292234
9293213
9293349
9294354
9295223
9295533
9297239
9297263
9297373
9297511
9297957
9299340
9299361
9299721
9300088
9300212
9300338
9300939
9301222
9301426
9301641
9301826
9302081
9302340
9302341
9302536
9303093
9303781
9304351
9304509
9305113
9305336
9305783
9306336
9306349
9306384
9307098
9307109
9307892
9308099
9308174
9308271
9308348
9308482
9309098
9309342
9309816
9310086
9310332
9310416
9310472
9310976
9311411
9312081
9312296
9312419
9312487
9314056
9314305
9314340
9314341
9314427
9315064
9316108
9316119
9316495
9316866
9316905
9317124
9317134
9317209
9318127
9318509
9319366
9319367
9320093
9321092
9321373
9322375
9322437
9323079
9323403
9323439
9323849
9324182
9324211
9324372
9324400
9325209
9325842
9326076
9326364
9326365
9326434
9326707
9326831
9327065
9327385
9327704
9327829
9328093
9328154
9328298
9328963
9329159
9329345
9329346
9329729
9330155
9330186
9330346
9330369
9330729
9331053
9331571
9332058
9332151
9332414
9333058
9333085
9333574
9333793
9334156
9335072
9335175
9335358
9335752
9336356
9337068
9337418
9338059
9338346
9338965
9339252
9339337
9339860
9340139
9340171
9340335
9340357
9340468
9340855
9341167
9341449
9341535
9341730
9341903
9343449
9344336
9344454
9345249
9345493
9346033
9346242
9346398
9346709
9346843
9347321
9347441
9349241
9349395
9350339
9351245
9351263
9351436
9351479
9353317
9353397
9353840
9353884
9354156
9354236
9354395
9355016
9355112
9355228
9355236
9355390
9356252
9356305
9356864
9357301
9357990
9358131
9358315
9359202
9359987
9360034
9360132
9360202
9360243
9360309
9361238
9361281
9361302
9362121
9362264
9362450
9362978
9363201
9363262
9363628
9363662
9363979
9364362
9364366
9364970
9365192
9365269
9365655
9366178
9366809
9367477
9367651
9368084
9368106
9368252
9368839
9369110
9369225
9369259
9369375
9369441
9369616
9369690
9370170
9370180
9370237
9370366
9371094
9371267
9371355
9372030
9372194
9372219
9372474
9372977
9373065
9373076
9373191
9373319
9373786
9374200
9374235
9374459
9374775
9375122
9375300
9375317
9376021
9376106
9376146
9376210
9376298
9376360
9376430
9377726
9377882
9377968
9378021
9378093
9378288
9378389
9379540
9379581
9381081
9381251
9381278
9381700
9381995
9382139
9382772
9382992
9383004
9383072
9383254
9384119
9384145
9384900
9385075
9385984
9386130
9386206
9386379
9386983
9386991
9387094
9387130
9387992
9388068
9388265
9388290
9388978
9389183
9389941
9389965
9390064
9390205
9390263
9390312
9391051
9391061
9391126
9391266
9391314
9391372
9391967
9392060
9393127
9393171
9393208
9393241
9393975
9393987
9394122
9394136
9395262
9395992
9396054
9396405
9396968
9396982
9396994
9397088
9397976
9398062
9398079
9398120
9398272
9398970
9398996
9399129
9399698
9399980
9400127
9400725
9400975
9401050
9401956
9402055
9402367
9402978
9403046
9403946
9405034
9405107
9405118
9405933
9406033
9406109
9406962
9407027
9407052
9407138
9407587
9407928
9408026
9408506
9409032
9409198
9409250
9409501
9409935
9409941
9409969
9410021
9410032
9410036
9410231
9410253
9410941
9411066
9411428
9411979
9412032
9412037
9412123
9413039
9413071
9413279
9413319
9413377
9413676
9413949
9414083
9414291
9414488
9414968
9415301
9415847
9416063
9416308
9416423
9416700
9416851
9416973
9417006
9417063
9417075
9417104
9417307
9417349
9417841
9417965
9417999
9418298
9418342
9419001
9419076
9419364
9419379
9419857
9420085
9420706
9420978
9421281
9421302
9422008
9422075
9422393
9423086
9423358
9424368
9425004
9425032
9425183
9425661
9425737
9426003
9426339
9426421
9426880
9427002
9427182
9428112
9428661
9429101
9429147
9430006
9430117
9430147
9430234
9430888
9431280
9431322
9431345
9431418
9432148
9432194
9432327
9432585
9433278
9433383
9433408
9433580
9434010
9434276
9434318
9434520
9435109
9435145
9435233
9435273
9435315
9435335
9435421
9435600
9435855
9436006
9436187
9436316
9437009
9437111
9437407
9438007
9438149
9438237
9438337
9439411
9439428
9439881
9440005
9440307
9440407
9440417
9440518
9440615
9440883
9441140
9441307
9441432
9442105
9442268
9442298
9442416
9442526
9442882
9443135
9443223
9444102
9444132
9444295
9444883
9445104
9445264
9445318
9445880
9446138
9446305
9446531
9446883
9447264
9447378
9447878
9448099
9448133
9448221
9448315
9448563
9449288
9449511
9449834
9450119
9450291
9450507
9450853
9451114
9451212
9451217
9451281
9452247
9452269
9452305
9452479
9452628
9452835
9453074
9453107
9453274
9454213
9454308
9454413
9454505
9455100
9455113
9455238
9455248
9455270
9455361
9455502
9456105
9456244
9456266
9456499
9456857
9457054
9457090
9457718
9457863
9458057
9458093
9458213
9458237
9458286
9458287
9458391
9458813
9459064
9459116
9459295
9459371
9460076
9460109
9460225
9460287
9460377
9461110
9461271
9461329
9461404
9461619
9461826
9461885
9462266
9462278
9462298
9463233
9463326
9463350
9463400
9463591
9463633
9463778
9463967
9464295
9464409
9464766
9465131
9465162
9465265
9465287
9465321
9465413
9465779
9466142
9466244
9466320
9466357
9466438
9466897
9467124
9467154
9467252
9467434
9467563
9467722
9468250
9468412
9469136
9469155
9470224
9470267
9470299
9471214
9472128
9472254
9472327
9473331
9473335
9473858
9473912
9474270
9474555
9474571
9474706
9474901
9475264
9475284
9475810
9476283
9476354
9476561
9477175
9477205
9477358
9477362
9478307
9478343
9478377
9478451
9478610
9478732
9479394
9480211
9480215
9480249
9480294
9480338
9480533
9480636
9480968
9481355
9481411
9481542
9482457
9482887
9483335
9483456
9483766
9484460
9484468
9484866
9485359
9485404
9485448
9485461
9485905
9486408
9486466
9486748
9487409
9487451
9487462
9487842
9487864
9488360
9488401
9488834
9488861
9488966
9489123
9489320
9489653
9490372
9490756
9491446
9491862
9492362
9493856
9493869
9493930
9494408
9494867
9494964
9495409
9495746
9495873
9496436
9496633
9496876
9497734
9498365
9498724
9498839
9498887
9499370
9500225
9500410
9500884
9501342
9501362
9501369
9501623
9501860
9501871
9501891
9502301
9502364
9502442
9502936
9502938
9503137
9503361
9503396
9503429
9503723
9504533
9504627
9505140
9505417
9506155
9506357
9507296
9507392
9507791
9507929
9508003
9508414
9508788
9509294
9509373
9509846
9510301
9510418
9510900
9511898
9512408
9512947
9513059
9513843
9514379
9514956
9515853
9516323
9516409
9516833
9516929
9517833
9517914
9518267
9518337
9518827
9518910
9519410
9519898
9520899
9521440
9521956
9522128
9522615
9522881
9522950
9523022
9523138
9523523
9523641
9523742
9523947
9524362
9524398
9524432
9524666
9524744
9525435
9525665
9525846
9525952
9526247
9526396
9526432
9526434
9526875
9527520
9527747
9527882
9528034
9528158
9528258
9528513
9528886
9529676
9529761
9530267
9531050
9531421
9531454
9531528
9531657
9531901
9532148
9532382
9532617
9532902
9532955
9532970
9533049
9533157
9533386
9533617
9534036
9534106
9534110
9534616
9534908
9535610
9536151
9536369
9536410
9536440
9536649
9537182
9537888
9537947
9537961
9538092
9538599
9538890
9538954
9539850
9540406
9541155
9541406
9541614
9541651
9542380
9542855
9542889
9543020
9543086
9543407
9543679
9544159
9544188
9544698
9545340
9545559
9545822
9546108
9546159
9546643
9547043
9547559
9547611
9547677
9548159
9548401
9548815
9548903
9549107
9549162
9549644
9549669
9549868
9549906
9550405
9551114
9551360
9551668
9552043
9552548
9552835
9553092
9553355
9553907
9554126
9554395
9554631
9555124
9555149
9555397
9555603
9555944
9556110
9556150
9556561
9556917
9556963
9557111
9557926
9558136
9558611
9558648
9558684
9559375
9559476
9559691
9560051
9560158
9560292
9561374
9561576
9561770
9562160
9562491
9562981
9563176
9563400
9563521
9563713
9563885
9563990
9564036
9564245
9564491
9564509
9564520
9564716
9565007
9565192
9565432
9565710
9566181
9566215
9566233
9566429
9566495
9566632
9566698
9566781
9566940
9567019
9567504
9567621
9568130
9568160
9568180
9568618
9568721
9569175
9569243
9569430
9569706
9569946
9570194
9570435
9570708
9570722
9570733
9571740
9571939
9572192
9573142
9573242
9573716
9573727
9573946
9573975
9573993
9574138
9574236
9574704
9575193
9575273
9575435
9575697
9576182
9576694
9576736
9577425
9578253
9578416
9578441
9578632
9578931
9579220
9579246
9580474
9580736
9581241
9581712
9582261
9582487
9582925
9583127
9583746
9583994
9584176
9584428
9584690
9584716
9584732
9584990
9585474
9585736
9586227
9586482
9587941
9588002
9588277
9588488
9589006
9589486
9589653
9589708
9589735
9589798
9590002
9590003
9590233
9590486
9590699
9591230
9591478
9592141
9592258
9592478
9593260
9593694
9593719
9594111
9594253
9594430
9594551
9594608
9595235
9595550
9595607
9595684
9596248
9596422
9596662
9596723
9596903
9597250
9597417
9597645
9597688
9597737
9597903
9598170
9598235
9598245
9598675
9599018
9599243
9599673
9599680
9600538
9600713
9601011
9601155
9601162
9601644
9602012
9602642
9602668
9603151
9604158
9604541
9605019
9606012
9606177
9606218
9606490
9606704
9606711
9606955
9607213
9607454
9607705
9607739
9607954
9608137
9608212
9608253
9608502
9608695
9608703
9608737
9608765
9609230
9609253
9609444
9609632
9609732
9610229
9610630
9611246
9611257
9611953
9612141
9612440
9612772
9613135
9613159
9613942
9613993
9614227
9614429
9614515
9614618
9614982
9615146
9615227
9615630
9615638
9615916
9616228
9616634
9616919
9617005
9617116
9617608
9617689
9617705
9617748
9618226
9618495
9618669
9618967
9619157
9619216
9619227
9619405
9619662
9619739
9620167
9620398
9620472
9620647
9621160
9621198
9621393
9621650
9621729
9622083
9622167
9622185
9622390
9622970
9623194
9623707
9624154
9624202
9624954
9624955
9625187
9625432
9625560
9625639
9626171
9626869
9627152
9627197
9627436
9627716
9627893
9628081
9628393
9628616
9628716
9629158
9629197
9629646
9629705
9629713
9629890
9629938
9630153
9630423
9630432
9631230
9631888
9632922
9633580
9633861
9634146
9634187
9634422
9634669
9634690
9634937
9635414
9635632
9635644
9635933
9636409
9636690
9637159
9637170
9637393
9637394
9637641
9638123
9638162
9638478
9638612
9638666
9639148
9639581
9639683
9640089
9641083
9641209
9641700
9641888
9641901
9642894
9643032
9643222
9643521
9644109
9644707
9644892
9644950
9645082
9645116
9645577
9645608
9646127
9646196
9646223
9646482
9646610
9646687
9646705
9646917
9647679
9647703
9648210
9648224
9648234
9649116
9649392
9649418
9649566
9649602
9649693
9649967
9650074
9650093
9650212
9650570
9650705
9651214
9651397
9651468
9651895
9652149
9652223
9652396
9652665
9652894
9653075
9653152
9653214
9653221
9653465
9653659
9654072
9654146
9654218
9654655
9654702
9655142
9655592
9655910
9656070
9656208
9656216
9656390
9656559
9656696
9656912
9657071
9657565
9657849
9657917
9658152
9658663
9658923
9658955
9659155
9659659
9659701
9660096
9660475
9660960
9661214
9661248
9661460
9661713
9662427
9662703
9663463
9663968
9664670
9664932
9665122
9665165
9665234
9665472
9665672
9665973
9666175
9666440
9666715
9666971
9666974
9667180
9667253
9667445
9667694
9668126
9668142
9668197
9668271
9668982
9669699
9669752
9669962
9669990
9670198
9670515
9670648
9670760
9670897
9670965
9671436
9671958
9671988
9672436
9673712
9673972
9674454
9675129
9675296
9676041
9676751
9676775
9676793
9676996
9677193
9677236
9677583
9677587
9677734
9677770
9678997
9679111
9679243
9679705
9679743
9680112
9680194
9680591
9680800
9681113
9681294
9681696
9681803
9682600
9682706
9683366
9683564
9683704
9683736
9684211
9684366
9684605
9684822
9685077
9685238
9685324
9685830
9686284
9686327
9686590
9686621
9686834
9686908
9687630
9688338
9688844
9689083
9689906
9690331
9690910
9691359
9692163
9692368
9692417
9692604
9692923
9693599
9693782
9694101
9695111
9695317
9695379
9695621
9695686
9695881
9695948
9696897
9696960
9697342
9697466
9697904
9698638
9698980
9699399
9700206
9700314
9700908
9701165
9701645
9701908
9702463
9702852
9703143
9703327
9703469
9703714
9703829
9703978
9704476
9704911
9705415
9706172
9706468
9706842
9706954
9706983
9707649
9707839
9707911
9708353
9708647
9708977
9709164
9709284
9709444
9709754
9709906
9709947
9709990
9710415
9710479
9710912
9710976
9711687
9711920
9712419
9713153
9713411
9713904
9713986
9714143
9714465
9714513
9714958
9715626
9715892
9716412
9716478
9716505
9716943
9717319
9717450
9717685
9717730
9717977
9718167
9718881
9718951
9718992
9719243
9719391
9719748
9719890
9720970
9721192
9721284
9721766
9722038
9722173
9722408
9722522
9723032
9723575
9723972
9724015
9724475
9724768
9724907
9725172
9725279
9725474
9725724
9725877
9725978
9726175
9727207
9727481
9727588
9727984
9728026
9728094
9728215
9728442
9728483
9728546
9728730
9728784
9728987
9729094
9729215
9729553
9729986
9730028
9730488
9731208
9731254
9731969
9732234
9732727
9732959
9733288
9733523
9733998
9734179
9735251
9735276
9735519
9735805
9736028
9736290
9736924
9737043
9737302
9738052
9738547
9739050
9739273
9739300
9739540
9739558
9739820
9739862
9740738
9740781
9740824
9741060
9741448
9742066
9742226
9742313
9742563
9742871
9743560
9743577
9743726
9743839
9744056
9744444
9744568
9744584
9744878
9745242
9745578
9745853
9746075
9746090
9746220
9746250
9746357
9746585
9746894
9747094
9747255
9747379
9747589
9748094
9748304
9748587
9750072
9750582
9751381
9751625
9752000
9752412
9752895
9753007
9753372
9753394
9753414
9753871
9753894
9753936
9754338
9754373
9754894
9754907
9755372
9755851
9755899
9756932
9757487
9758031
9759119
9759382
9759388
9759424
9759454
9759856
9759956
9760079
9761200
9761961
9762412
9762454
9762600
9762677
9762713
9762973
9763419
9763603
9763679
9763898
9764454
9764936
9764947
9765203
9765419
9765432
9765966
9766202
9766449
9766889
9766939
9766971
9767446
9767651
9767980
9768469
9768869
9769196
9769470
9770472
9770617
9771115
9771214
9771440
9771687
9771973
9772008
9772225
9772627
9772637
9772692
9772736
9772977
9773633
9775237
9775403
9775475
9775631
9775703
9775753
9775951
9776018
9776525
9777471
9777777
9778272
9778477
9778518
9779483
9779490
9779635
9780165
9780482
9780584
9780632
9781154
9781246
9781279
9781555
9781589
9781796
9782690
9783798
9783929
9784170
9784291
9784803
9785062
9785185
9785978
9786191
9786946
9787204
9787305
9787576
9788093
9788301
9788503
9788507
9788608
9788979
9789177
9789295
9789297
9789504
9789767
9790287
9790812
9791110
9791525
9791529
9792120
9792220
9792327
9792506
9792535
9792539
9793131
9793168
9793543
9793657
9793680
9793845
9793882
9794140
9794269
9794339
9794849
9795183
9795559
9795669
9796132
9796299
9797127
9797299
9797352
9797627
9797760
9797791
9798131
9798351
9798591
9798629
9798668
9798787
9799358
9800098
9800154
9800607
9800893
9801130
9801132
9801224
9802170
9802320
9802372
9802615
9802822
9803321
9803586
9803621
9803881
9804177
9804216
9804361
9804376
9805687
9805712
9805733
9805819
9805894
9805931
9806159
9806459
9806950
9807132
9807689
9807724
9808600
9808689
9808730
9809469
9809710
9810243
9810351
9810432
9810475
9810692
9810695
9810742
9811200
9811622
9811840
9811940
9811971
9812166
9812667
9812739
9813166
9813353
9813780
9813918
9813958
9814262
9814464
9814657
9814734
9815467
9815509
9815657
9815779
9815870
9816138
9816736
9816968
9817136
9817618
9817661
9818171
9818245
9818478
9819149
9819273
9819744
9819871
9820245
9820271
9821149
9821241
9821265
9821480
9821872
9822877
9824703
9825282
9825304
9825520
9825707
9825783
9825831
9826196
9826718
9827057
9827858
9827922
9828000
9828044
9828433
9828518
9828555
9829028
9829221
9829813
9830048
9830519
9830818
9831929
9832457
9833330
9833361
9833489
9833782
9833809
9833835
9833887
9834325
9834533
9834806
9835061
9835291
9835478
9835784
9835852
9836062
9836292
9836330
9836547
9836553
9836853
9837371
9837774
9837796
9838045
9838272
9838317
9839030
9839243
9839358
9840270
9840817
9840837
9841058
9841269
9841364
9841757
9841815
9841838
9842235
9842266
9842312
9842543
9842816
9842836
9843822
9843845
9844270
9844581
9844785
9844978
9845238
9846783
9846846
9847107
9847354
9847480
9847579
9848263
9848766
9848855
9849852
9850052
9850237
9850238
9850328
9850555
9850845
9851134
9851573
9851631
9851758
9852273
9852576
9853065
9853523
9853562
9854226
9854566
9854620
9854837
9855059
9855149
9856114
9856561
9856656
9856831
9857351
9858300
9859361
9859472
9859873
9860552
9860568
9860637
9861303
9861560
9861699
9861824
9862321
9862541
9862772
9863321
9863737
9864266
9864759
9865771
9866244
9866765
9867247
9867315
9867611
9868006
9868067
9868729
9868964
9869106
9869252
9870070
9871097
9871240
9871347
9871608
9871727
9871731
9871807
9872010
9872314
9872350
9872426
9872535
9872828
9873010
9873057
9873103
9873241
9873823
9874344
9874820
9875724
9875794
9876296
9876530
9876792
9877224
9877295
9877790
9878114
9878596
9878614
9878707
9878786
9878804
9879069
9879214
9879321
9879774
9880592
9880717
9880782
9880794
9881062
9881786
9881827
9882107
9882326
9882788
9883449
9883539
9884320
9884591
9884710
9884784
9885105
9885303
9885588
9885702
9886047
9886520
9886575
9886808
9887094
9887310
9887519
9888049
9888288
9888405
9888561
9888600
9888768
9888797
9889028
9889422
9889523
9890414
9891187
9891264
9891421
9891691
9892421
9893182
9893482
9893600
9893793
9894047
9894048
9894295
9894600
9894795
9895022
9895178
9895256
9895750
9896242
9896392
9896668
9896772
9897024
9897279
9897774
9898582
9898669
9899098
9900967
9901158
9901658
9901749
9902235
9902576
9902662
9902772
9903093
9903777
9904667
9905276
9905383
9906027
9906284
9906491
9906664
9907012
9907090
9907282
9907800
9907998
9908315
9908665
9908780
9908908
9909311
9909773
9909790
9909861
9909903
9910268
9910719
9910787
9911082
9911265
9911788
9912228
9912315
9913323
9913590
9913591
9914231
9914273
9914317
9914645
9914944
9915540
9915677
9915977
9916140
9916319
9916542
9916791
9917284
9917505
9917555
9918051
9918304
9919023
9919047
9919343
9919499
9919548
9919568
9919842
9920168
9920848
9921149
9921329
9921353
9921586
9921856
9922601
9922855
9923099
9923601
9923837
9924324
9924366
9925131
9925376
9925760
9925985
9926321
9926602
9926617
9927054
9927074
9927318
9927360
9928082
9928272
9928863
9929175
9929413
9929759
9929823
9930368
9930588
9930620
9930863
9931097
9931271
9931370
9932092
9932578
9932750
9933085
9934064
9934310
9934795
9935307
9935439
9935448
9935643
9935953
9936238
9936451
9937829
9938327
9938453
9938725
9939547
9940058
9941231
9941323
9941446
9942030
9942319
9942724
9942867
9942935
9943317
9944030
9944714
9945335
9946109
9946304
9946473
9946846
9946897
9946967
9947321
9947497
9947742
9948016
9948298
9948322
9948792
9949011
9949194
9949321
9949467
9949821
9950320
9950790
9951122
9951159
9951284
9951312
9951775
9951821
9951877
9952273
9952664
9952817
9953518
9953596
9953820
9954172
9954184
9954735
9954937
9955276
9955443
9955666
9955820
9956170
9956295
9956436
9956730
9956822
9956869
9957226
9957519
9958220
9958526
9959293
9959640
9960832
9960949
9961307
9962029
9962045
9962155
9962232
9964777
9964826
9965823
9966343
9966825
9967211
9967294
9967719
9967932
9968036
9968950
9969009
9969273
9969795
9970027
9970477
9970801
9970928
9972278
9973322
9973569
9974327
9974776
9974824
9974855
9975280
9975327
9975778
9976191
9976207
9977273
9977706
9977985
9978579
9978813
9979265
9979306
9979984
9980274
9980752
9980800
9981316
9981404
9981798
9981815
9982251
9982314
9982698
9983246
9983798
9984279
9984485
9985321
9985803
9986355
9986838
9988027
9988305
9988421
9988820
9988921
9989352
9989700
9990072
9990192
9990355
9990698
9991018
9991580
9992318
9992756
9992843
9993261
9993442
9994084
9994363
9994408
9994848
9995277
9995338
9995849
9995913
9996284
9996345
9996851
9997042
9997381
9997610
9997856
9997869
9998089
9998384
9999295
9999365
9999510
9999862
9999865
9999878
